					EXCITE 	CURIOUS FRIGHT 	ANGER 	PATNCE	CONF 	STRESS	ENV
					T = [
1	EXCITEMENT     	[0.95,	1.0,	0.9,	1.0,	0.95,	1.0,	0.99	,0];
2	CURIOUSNESS    	[1.1,	0.95,	0.9,	1.0,	0.97,	1.0,	1.0		,0];
3	FRIGHT         	[1.2,	0.95,	0.95,	0.9,	1.0,	0.98,	1.05	,0];
4	ANGER          	[1.3,	1.0,	0.9,	0.95,	0.9,	1.0,	1.01	,0];
5	PATIENCE       	[0.8,	0.9,	1.0,	0.5,	1.01,	1.0,	0.99	,0];
6	SELF_CONFIDENCE	[1.0,	1.05,	0.9,	1.0,	1.0,	0.999,	0.99	,0];
7	STRESS         	[1.1,	0.9,	1.4,	1.1,	0.95,	0.95,	0.999	,0];
	ENVIRONMENT		[0.0,	0.0,	0.0,	0.1,	0.0,	0.0,	0.0		,7]]

for insertion into MATLAB

E = [100, 100, 100, 100, 100, 100, 100, 1];
(E * ((T / 8) ^ 10))